tfidf 1 1 0.03154495777446597118728266269
tfidf 2 1 0.01052631578947368421052631579
tfidf 3 1 0.02222222222222222222222222222
tfidf 4 1 0.3946923597025016903313049355
tfidf 5 1 0.1924603174603174603174603175
tfidf 6 1 0.07023809523809523809523809523
tfidf 7 1 0.3986908832206863826362978436
tfidf 8 1 0.06274131274131274131274131275
tfidf 9 1 0.2147973445143256464011180992
tfidf 10 1 0.2797263562125785619302018997
tfidf 11 1 0.3558210715384902985118144855
tfidf 12 1 0.2270833333333333333333333333
tfidf 13 1 0.225941233068426050882191233
tfidf 14 1 0.3508124569320011497055402945
tfidf 15 1 0.08675527903469079939668174962
tfidf 16 1 0.1120584111030467199687021067
tfidf 17 1 0.1337901088917975396466706710
tfidf 18 1 0.1133461948679339983687809775
tfidf 19 1 0.2349645884128642749332404507
tfidf 20 1 0.03047740835464620630861040068
tfidf 21 1 0.09251910467474880890608047548
tfidf 22 1 0.4614777150248894124712703417
tfidf 23 1 0.4791666666666666666666666668
tfidf 24 1 0.1386473429951690821256038647
tfidf 25 1 0.4677419757076619821717860933
tfidf 26 1 0.1108915361843446603857544199
tfidf 27 1 0.4052903383493385512499794369
tfidf 28 1 0.5666666666666666666666666668
tfidf 29 1 0.6255448623311434265889126743
tfidf 30 1 0.1496825396825396825396825397
tfidf 31 1 0.5
tfidf 32 1 0.2884615384615384615384615384
tfidf 33 1 0.125
tfidf 36 1 0.2972961408689197959761429533
tfidf 37 1 0.3678652968036529680365296805
tfidf 38 1 0.672450854576211864901125824
tfidf 39 1 0.317558486357505965349102604
tfidf 40 1 0.3410487467779134445801112469
tfidf 42 1 0.2301356608585524248174850585
tfidf 43 1 0.2494633289415898111550285464
tfidf 44 1 0.0551782682512733446519524618
tfidf 45 1 0.2666655032430433499952216531
tfidf 48 1 0.294701814290247582781242512
tfidf 49 1 0.04201607267645003494060097833
tfidf 57 1 1
tfidf 58 1 0.2423442665058518717055302421
tfidf 59 1 0.4054911396008402143473360546
tfidf 60 1 0.1793081145023986711689560589
tfidf 61 1 0.329742568849562657929914113
tfidf 62 1 0.05135679271708683473389355742
tfidf 63 1 0.1705984102365473249990044823
tfidf_stop 1 1 0.05032051282051282051282051283
tfidf_stop 2 1 0.1454545454545454545454545455
tfidf_stop 3 1 0.02051767676767676767676767676
tfidf_stop 4 1 0.2863075785869903516962340492
tfidf_stop 5 1 0.1907397907307784741094041743
tfidf_stop 6 1 0.1080043859649122807017543860
tfidf_stop 7 1 0.5493818722127545656957421664
tfidf_stop 8 1 0.0629984051036682615629984051
tfidf_stop 9 1 0.2425094482237339380196523053
tfidf_stop 10 1 0.3653986159928930660551452088
tfidf_stop 11 1 0.441731377233509572296983527
tfidf_stop 12 1 0.4151691331923890063424947145
tfidf_stop 13 1 0.278728991596638655462184874
tfidf_stop 14 1 0.3581437799926172019195275009
tfidf_stop 15 1 0.1476236899205764349463686236
tfidf_stop 16 1 0.1201725370999463615233327373
tfidf_stop 17 1 0.1597319114913884235071422848
tfidf_stop 18 1 0.1069883040935672514619883041
tfidf_stop 19 1 0.489330296896086369770580297
tfidf_stop 20 1 0.0787037037037037037037037037
tfidf_stop 21 1 0.1476728448381649495767584384
tfidf_stop 22 1 0.6449096895860695244276079243
tfidf_stop 23 1 0.7928571428571428571428571428
tfidf_stop 24 1 0.5243902439024390243902439025
tfidf_stop 25 1 0.4662034562084329408599624874
tfidf_stop 26 1 0.1286393020743895118397143456
tfidf_stop 27 1 0.499627217789220720554179667
tfidf_stop 28 1 0.7152777777777777777777777778
tfidf_stop 29 1 0.5462227907400541671641415887
tfidf_stop 30 1 0.2698412698412698412698412699
tfidf_stop 31 1 0.2640845070422535211267605634
tfidf_stop 32 1 0.2743902439024390243902439024
tfidf_stop 33 1 0.2
tfidf_stop 36 1 0.4338507152758519969723915014
tfidf_stop 37 1 0.330128205128205128205128205
tfidf_stop 38 1 0.633902193288382546694567155
tfidf_stop 39 1 0.4020365265931627487691560919
tfidf_stop 40 1 0.4269115053428778918974997407
tfidf_stop 42 1 0.2644489785280527807046611289
tfidf_stop 43 1 0.2564397367879527728395863988
tfidf_stop 44 1 0.07016847674742411584516847675
tfidf_stop 45 1 0.2256633859217445843585661213
tfidf_stop 48 1 0.3006214006369886691304881875
tfidf_stop 49 1 0.06215434354117590500456708814
tfidf_stop 57 1 1
tfidf_stop 58 1 0.5112722487722487722487722489
tfidf_stop 59 1 0.2891310886904450416811883138
tfidf_stop 60 1 0.1487267163543586638190396537
tfidf_stop 61 1 0.4457063857655572211894286358
tfidf_stop 62 1 0.0950116192051675922643664579
tfidf_stop 63 1 0.2720717022441160372194854953
tfidf_stop 64 1 0.02631578947368421052631578947
bm25 1 1 0.3422969187675070028011204482
bm25 2 1 1
bm25 3 1 0.05166752117971630166752117973
bm25 4 1 0.35
bm25 5 1 0.2590811965811965811965811965
bm25 6 1 0.2367149758454106280193236715
bm25 7 1 0.6466200398654759709526443806
bm25 8 1 0.5679012345679012345679012347
bm25 9 1 0.1830291666108229575721835784
bm25 10 1 0.5337783752257102568502628029
bm25 11 1 0.5456005755128562146106005756
bm25 12 1 0.5708333333333333333333333332
bm25 13 1 0.4104454685099846390168970814
bm25 14 1 0.1196899505723035134799840682
bm25 15 1 0.2372542997542997542997542998
bm25 16 1 0.1935723239948276531259128723
bm25 17 1 0.4687796330653473510616367759
bm25 18 1 0.09359328272371750632620197838
bm25 19 1 0.7134999454327185419622394411
bm25 20 1 0.6781609195402298850574712643
bm25 21 1 0.1567927170868347338935574230
bm25 22 1 0.1778670155173763834549720677
bm25 23 1 0.5438679245283018867924528302
bm25 24 1 0.1355013550135501355013550136
bm25 25 1 0.3808608590862743402092183842
bm25 26 1 0.2932199250348461252334996954
bm25 27 1 0.3542700079160289542454407067
bm25 28 1 0.725
bm25 29 1 0.2292371582924682860283820415
bm25 30 1 0.1178160919540229885057471264
bm25 31 1 0.1145833333333333333333333334
bm25 32 1 0.2756410256410256410256410256
bm25 33 1 0.01886792452830188679245283019
bm25 36 1 0.4174823381428344793676778351
bm25 37 1 0.3833333333333333333333333334
bm25 38 1 0.172168221355527857075844692
bm25 39 1 0.2707444115338852180957444116
bm25 40 1 0.4532698306595365418894830659
bm25 42 1 0.1218645416672408231996757426
bm25 43 1 0.2682874092302920713052952981
bm25 44 1 0.4884535005224660397074190178
bm25 45 1 0.4422984093240373238971844585
bm25 48 1 0.0880952380952380952380952381
bm25 49 1 0.1832987012987012987012987013
bm25 57 1 1
bm25 58 1 0.3134494178036313570197041066
bm25 59 1 0.5409432433942237863806491259
bm25 60 1 0.1257282898140507041804295431
bm25 61 1 0.8029621486170261918415824362
bm25 62 1 0.05399719495091164095371669005
bm25 63 1 0.6362822372662798194713088331
bm25 64 1 1
jm 1 1 0.3220086763518966908797417275
jm 2 1 1
jm 3 1 0.05351837704778881249469484763
jm 4 1 0.3611111111111111111111111111
jm 5 1 0.2238640272696000250179816744
jm 6 1 0.3269230769230769230769230769
jm 7 1 0.572535351184772644584900160
jm 8 1 0.5663082437275985663082437277
jm 9 1 0.2101346949989167234407995885
jm 10 1 0.5636178052855936824169426132
jm 11 1 0.6140766214779372674109516216
jm 12 1 0.4424242424242424242424242422
jm 13 1 0.431420002716908576026416711
jm 14 1 0.1297648605116879633933217316
jm 15 1 0.1700657894736842105263157895
jm 16 1 0.2072916666666666666666666667
jm 17 1 0.4876943374696904863785479962
jm 18 1 0.09707276661046611514415587063
jm 19 1 0.8023809523809523809523809523
jm 20 1 1
jm 21 1 0.1416566985645933014354066986
jm 22 1 0.1714402126636169189360678722
jm 23 1 0.625000000000000000000000000
jm 24 1 0.1277777777777777777777777778
jm 25 1 0.4727558716644049197737159388
jm 26 1 0.2544131169107535020139842316
jm 27 1 0.3622318312442675153337099601
jm 28 1 0.740909090909090909090909091
jm 29 1 0.3208015412528892830587583929
jm 30 1 0.2101449275362318840579710145
jm 31 1 0.08333333333333333333333333335
jm 32 1 0.543478260869565217391304348
jm 33 1 0.04166666666666666666666666667
jm 36 1 0.4208894673345022988673264996
jm 37 1 0.424702093397745571658615137
jm 38 1 0.1334723433110529884723433110
jm 39 1 0.2694492296465980676506992296
jm 40 1 0.4235136452241715399610136453
jm 42 1 0.1605937964960262857858636765
jm 43 1 0.249324226154467105499637598
jm 44 1 0.436433614694484259701651006
jm 45 1 0.4443239944406591789830634368
jm 48 1 0.1490543735224586288416075650
jm 49 1 0.1954809286898839137645107794
jm 57 1 1
jm 58 1 0.3100566015505917293561853557
jm 59 1 0.5863423645320197044334975369
jm 60 1 0.1246715825988583873376681411
jm 61 1 0.7151322940919214211139676979
jm 62 1 0.03602484472049689440993788820
jm 63 1 0.704845446950710108604845447
jm 64 1 0.3333333333333333333333333333
jm_stop 1 1 0.310035842293906810035842294
jm_stop 2 1 1
jm_stop 3 1 0.03885630498533724340175953079
jm_stop 4 1 0.3208720772016495363295723346
jm_stop 5 1 0.2159703323496426944702806772
jm_stop 6 1 0.2434988179669030732860520094
jm_stop 7 1 0.6242097408764075430742097408
jm_stop 8 1 0.5147058823529411764705882353
jm_stop 9 1 0.2135635045461445723483063804
jm_stop 10 1 0.5770650764620138049950272826
jm_stop 11 1 0.5014685387711703501177185388
jm_stop 12 1 0.4370204603580562659846547315
jm_stop 13 1 0.399149659863945578231292517
jm_stop 14 1 0.1350360380869178191188967508
jm_stop 15 1 0.2193639693639693639693639693
jm_stop 16 1 0.174566972988025619604566973
jm_stop 17 1 0.4091493755286858735134597204
jm_stop 18 1 0.1034644766997708174178762414
jm_stop 19 1 0.7930555555555555555555555555
jm_stop 20 1 1
jm_stop 21 1 0.1454228243021346469622331691
jm_stop 22 1 0.2597618933703509227122964727
jm_stop 23 1 0.7857142857142857142857142858
jm_stop 24 1 0.1220113851992409867172675522
jm_stop 25 1 0.4262338456975656030280113689
jm_stop 26 1 0.2755727049844696903520432931
jm_stop 27 1 0.3575495002604977029529459197
jm_stop 28 1 0.8875
jm_stop 29 1 0.3329687968894681327938383621
jm_stop 30 1 0.75
jm_stop 31 1 0.2822580645161290322580645162
jm_stop 32 1 0.5196078431372549019607843135
jm_stop 33 1 0.05555555555555555555555555556
jm_stop 36 1 0.4916445067732057501429282131
jm_stop 37 1 0.378932895061927319991836121
jm_stop 38 1 0.3678652989522554739946044295
jm_stop 39 1 0.2772394998649951214379988326
jm_stop 40 1 0.4999844028520499108734402851
jm_stop 42 1 0.1368981580047153817645620924
jm_stop 43 1 0.2543625615402936928687683152
jm_stop 44 1 0.5212296564195298372513562388
jm_stop 45 1 0.4202186316798212631854748975
jm_stop 48 1 0.2440172301593136253856228372
jm_stop 49 1 0.1820000000000000000000000000
jm_stop 57 1 1
jm_stop 58 1 0.4955360852002909635679342752
jm_stop 59 1 0.3813843090197740320861135473
jm_stop 60 1 0.1747956889627715820372371977
jm_stop 61 1 0.6614357732876950447300481615
jm_stop 62 1 0.04504721198550792243939605978
jm_stop 63 1 0.7425925925925925925925925927
jm_stop 64 1 1
bm_queryEnrichment 1 1 0.3212058212058212058212058212
bm_queryEnrichment 2 1 0.8055555555555555555555555557
bm_queryEnrichment 4 1 0.1747863247863247863247863248
bm_queryEnrichment 5 1 0.1289765789765789765789765790
bm_queryEnrichment 6 1 0.1825396825396825396825396826
bm_queryEnrichment 7 1 0.7681583034843904409121800426
bm_queryEnrichment 8 1 0.1813725490196078431372549020
bm_queryEnrichment 9 1 0.2035830652377004960591586731
bm_queryEnrichment 10 1 0.2975651190046267267811705713
bm_queryEnrichment 11 1 0.3032939164542178882243266207
bm_queryEnrichment 12 1 0.3312377244668911335578002245
bm_queryEnrichment 13 1 0.3075396825396825396825396824
bm_queryEnrichment 14 1 0.07611216529622601728863588447
bm_queryEnrichment 15 1 0.4026634382566585956416464892
bm_queryEnrichment 16 1 0.258255304303936522781507584
bm_queryEnrichment 17 1 0.4032390466745967736540559667
bm_queryEnrichment 18 1 0.03243747700269439399874182482
bm_queryEnrichment 19 1 0.4835978835978835978835978835
bm_queryEnrichment 20 1 1
bm_queryEnrichment 21 1 0.08389111712472209642979096963
bm_queryEnrichment 22 1 0.1711996063786733801270605817
bm_queryEnrichment 23 1 0.5458333333333333333333333332
bm_queryEnrichment 24 1 0.0664488017429193899782135076
bm_queryEnrichment 25 1 0.49744296373518756120662268
bm_queryEnrichment 26 1 0.1292264061035478452809029290
bm_queryEnrichment 27 1 0.2867694313012220683505874393
bm_queryEnrichment 28 1 0.95
bm_queryEnrichment 29 1 0.1137870409637719041697650671
bm_queryEnrichment 30 1 0.08333333333333333333333333333
bm_queryEnrichment 31 1 0.1149068322981366459627329193
bm_queryEnrichment 32 1 0.1583333333333333333333333334
bm_queryEnrichment 33 1 0.03030303030303030303030303030
bm_queryEnrichment 36 1 0.4928653681076618214860239358
bm_queryEnrichment 37 1 0.4370286576168929110105580694
bm_queryEnrichment 38 1 0.183729077307166233207153516
bm_queryEnrichment 39 1 0.3110301341684320407724663044
bm_queryEnrichment 40 1 0.4426313445401462368588561591
bm_queryEnrichment 42 1 0.150370657702300704329101895
bm_queryEnrichment 43 1 0.2467297518326979208161539983
bm_queryEnrichment 44 1 0.7603174603174603174603174602
bm_queryEnrichment 45 1 0.3985701810067225191498062995
bm_queryEnrichment 48 1 0.09142857142857142857142857145
bm_queryEnrichment 49 1 0.1601190476190476190476190476
bm_queryEnrichment 57 1 1
bm_queryEnrichment 58 1 0.3411506465922224709107997612
bm_queryEnrichment 59 1 0.5140111084260193150875700719
bm_queryEnrichment 60 1 0.09442387252283678448918314533
bm_queryEnrichment 61 1 0.6883363476307594823612212711
bm_queryEnrichment 62 1 0.14
bm_queryEnrichment 63 1 0.5886323763955342902711323763
bm_queryEnrichment 64 1 0.1666666666666666666666666667
bm_stop 1 1 0.3553113553113553113553113555
bm_stop 2 1 1
bm_stop 3 1 0.03863636363636363636363636363
bm_stop 4 1 0.3187297273603927412992022442
bm_stop 5 1 0.388888888888888888888888889
bm_stop 6 1 0.3071895424836601307189542484
bm_stop 7 1 0.6546814007536271125251021005
bm_stop 8 1 0.5144927536231884057971014493
bm_stop 9 1 0.1876532340376033881804984573
bm_stop 10 1 0.5564351947917714524167355386
bm_stop 11 1 0.540555700118541648596293405
bm_stop 12 1 0.5638157894736842105263157895
bm_stop 13 1 0.4270236029634525875127378889
bm_stop 14 1 0.1287688112233861747164797132
bm_stop 15 1 0.2322008735198833933363206065
bm_stop 16 1 0.1938863112812692644625417734
bm_stop 17 1 0.4123369233212166817366256642
bm_stop 18 1 0.1319477549055013843746238112
bm_stop 19 1 0.6938520235680479088186998937
bm_stop 20 1 1
bm_stop 21 1 0.1377134724857685009487666034
bm_stop 22 1 0.2465651649930584317380732416
bm_stop 23 1 0.7722222222222222222222222222
bm_stop 24 1 0.1204780361757105943152454780
bm_stop 25 1 0.3832649652098783863723684582
bm_stop 26 1 0.2851961519775049528877790169
bm_stop 27 1 0.3621470631404751931787715502
bm_stop 28 1 0.8541666666666666666666666668
bm_stop 29 1 0.223532025920799026996924786
bm_stop 30 1 0.7
bm_stop 31 1 0.2083333333333333333333333333
bm_stop 32 1 0.5153846153846153846153846155
bm_stop 33 1 0.03571428571428571428571428571
bm_stop 36 1 0.4527175200888436182553829612
bm_stop 37 1 0.436473330590977649801179213
bm_stop 38 1 0.3061615967452314269234629171
bm_stop 39 1 0.2827960924570921516864711409
bm_stop 40 1 0.4401051879084967320261437909
bm_stop 42 1 0.1108699442001028647401334015
bm_stop 43 1 0.2688616957957134092598509751
bm_stop 44 1 0.6049859550561797752808988765
bm_stop 45 1 0.3940059422542808365376957242
bm_stop 48 1 0.5243902439024390243902439025
bm_stop 49 1 0.203066145324209840338872597
bm_stop 57 1 1
bm_stop 58 1 0.4985343225788339448273841256
bm_stop 59 1 0.3837470921986863193856171719
bm_stop 60 1 0.1793585704469263219297756859
bm_stop 61 1 0.6336723157130768964213919295
bm_stop 62 1 0.05060922810489856506679861455
bm_stop 63 1 0.7185295031055900621118012422
bm_stop 64 1 1
lucene 1 1 0.2128205128205128205128205128
lucene 2 1 1
lucene 3 1 0.03579403053087263613579403053
lucene 4 1 0.3299466338259441707717569788
lucene 5 1 0.2137584318439858411807920923
lucene 6 1 0.2063492063492063492063492063
lucene 7 1 0.625546058879392212725546059
lucene 8 1 0.3583333333333333333333333333
lucene 9 1 0.1863672634243578371677520798
lucene 10 1 0.6320021553906243698290579311
lucene 11 1 0.5061572072727679135001789466
lucene 12 1 0.4170094007050528789659224442
lucene 13 1 0.498295148605707611918792043
lucene 14 1 0.1153292579781206007789415461
lucene 15 1 0.1787175596915463824114761803
lucene 16 1 0.1217026316699519313898398866
lucene 17 1 0.257579945215015928507109184
lucene 18 1 0.1559027777777777777777777778
lucene 19 1 0.5995233830209199667327746146
lucene 20 1 0.9166666666666666666666666667
lucene 21 1 0.3018770726681477188576580058
lucene 22 1 0.7387428217554053966717504127
lucene 23 1 0.724537037037037037037037037
lucene 24 1 0.1632653061224489795918367347
lucene 25 1 0.381306505922703968074523964
lucene 26 1 0.2043588857900707042277546076
lucene 27 1 0.4579074160938304054715773669
lucene 28 1 0.8875
lucene 29 1 0.369534740061041081653769962
lucene 30 1 0.1270270270270270270270270270
lucene 31 1 0.1232558139534883720930232558
lucene 32 1 0.6666666666666666666666666665
lucene 33 1 0.02564102564102564102564102564
lucene 36 1 0.3739390818492773912424672865
lucene 37 1 0.2981635802469135802469135803
lucene 38 1 0.2690535437102942823766622394
lucene 39 1 0.339274606971975393028024607
lucene 40 1 0.3306027241464449559934770108
lucene 42 1 0.1592116885254140156100940415
lucene 43 1 0.3283763044900715492337989396
lucene 44 1 0.4600189764573326217161833598
lucene 45 1 0.3180699159836719806123889335
lucene 48 1 0.0552333213987349325695190357
lucene 49 1 0.3314856276180846453849487218
lucene 57 1 1
lucene 58 1 0.3501075505672842388124569481
lucene 59 1 0.3503464574538139117207865669
lucene 60 1 0.219951985097340569497785511
lucene 61 1 0.6018988243074637975076231268
lucene 62 1 0.04266795281445308574988444767
lucene 63 1 0.6801764843894933269312613901
lucene 64 1 1
