


automatic-programming-language translation through syntactical analysis

cacm march 1962

ledley r
wilson j b

ca620301 jb march 20 1978  317 pm

249	4	631
254	4	631
272	4	631
1046	4	631
1102	4	631
1105	4	631
1109	4	631
1139	4	631
1140	4	631
1140	4	631
1188	4	631
1234	4	631
1263	4	631
1265	4	631
1306	4	631
1464	4	631
1491	4	631
1496	4	631
1767	4	631
1781	4	631
1781	4	631
1787	4	631
1824	4	631
1949	4	631
321	4	631
2059	4	631
2126	4	631
2126	4	631
2546	4	631
435	4	631
437	4	631
463	4	631
464	4	631
483	4	631
491	4	631
2732	4	631
560	4	631
583	4	631
584	4	631
3073	4	631
627	4	631
631	4	631
631	4	631
632	4	631
642	4	631
644	4	631
653	4	631
653	4	631
680	4	631
680	4	631
761	4	631
762	4	631
763	4	631
763	4	631
795	4	631
799	4	631
123	4	631
140	4	631
919	4	631
945	4	631
989	4	631
196	5	631
1139	5	631
1265	5	631
1665	5	631
404	5	631
631	5	631
631	5	631
631	5	631
763	5	631
196	6	631
1781	6	631
224	6	631
224	6	631
378	6	631
399	6	631
404	6	631
404	6	631
404	6	631
412	6	631
438	6	631
464	6	631
464	6	631
3184	6	631
631	6	631
631	6	631
631	6	631
631	6	631
635	6	631
799	6	631

