


a note on some compiling algorithms

two compiling generators for arithmetic expressions
are discussed one presently in use in 
an experimental compiler and an improvement
suggested by k speierman of burroughs

cacm march 1964

anderson j p

ca640309 jb march 10 1978  333 am

1122	5	1122
1122	5	1122
1122	5	1122
1551	5	1122
1945	5	1122
823	6	1122
914	6	1122
915	6	1122
917	6	1122
984	6	1122
989	6	1122
990	6	1122
1012	6	1122
1084	6	1122
1098	6	1122
1122	6	1122
1122	6	1122
1138	6	1122
1139	6	1122
1141	6	1122
1200	6	1122
1223	6	1122
1265	6	1122
1336	6	1122
1396	6	1122
1455	6	1122
1477	6	1122
1487	6	1122
1491	6	1122
1496	6	1122
483	6	1122
584	6	1122
669	6	1122
680	6	1122
763	6	1122

