


structural connections in formal language

cacm february 1964

irons e t

ca640203 jb march 10 1978  455 am

249	4	1140
254	4	1140
272	4	1140
1046	4	1140
1102	4	1140
1105	4	1140
1109	4	1140
1139	4	1140
1140	4	1140
1140	4	1140
1188	4	1140
1234	4	1140
1263	4	1140
1265	4	1140
1306	4	1140
1464	4	1140
1491	4	1140
1496	4	1140
1767	4	1140
1781	4	1140
1781	4	1140
1787	4	1140
1824	4	1140
1949	4	1140
321	4	1140
2059	4	1140
2126	4	1140
2126	4	1140
2546	4	1140
435	4	1140
437	4	1140
463	4	1140
464	4	1140
483	4	1140
491	4	1140
2732	4	1140
560	4	1140
583	4	1140
584	4	1140
3073	4	1140
627	4	1140
631	4	1140
631	4	1140
632	4	1140
642	4	1140
644	4	1140
653	4	1140
653	4	1140
680	4	1140
680	4	1140
761	4	1140
762	4	1140
763	4	1140
763	4	1140
795	4	1140
799	4	1140
123	4	1140
140	4	1140
919	4	1140
945	4	1140
989	4	1140
196	5	1140
1140	5	1140
1140	5	1140
1140	5	1140
1491	5	1140
1781	5	1140
2061	5	1140
404	5	1140
123	6	1140
196	6	1140
196	6	1140
919	6	1140
990	6	1140
1007	6	1140
1046	6	1140
1131	6	1140
1139	6	1140
1140	6	1140
1140	6	1140
1140	6	1140
1141	6	1140
1149	6	1140
1198	6	1140
1215	6	1140
1223	6	1140
1265	6	1140
1303	6	1140
1303	6	1140
1323	6	1140
1358	6	1140
1366	6	1140
1421	6	1140
1460	6	1140
1462	6	1140
1463	6	1140
1467	6	1140
1468	6	1140
1477	6	1140
1477	6	1140
1491	6	1140
1491	6	1140
1496	6	1140
1531	6	1140
1535	6	1140
1565	6	1140
1601	6	1140
1602	6	1140
1613	6	1140
1614	6	1140
1626	6	1140
1641	6	1140
1787	6	1140
1788	6	1140
205	6	1140
1825	6	1140
224	6	1140
249	6	1140
288	6	1140
316	6	1140
381	6	1140
398	6	1140
11	6	1140
404	6	1140
410	6	1140
463	6	1140
464	6	1140
483	6	1140
3184	6	1140
3184	6	1140
3188	6	1140
584	6	1140
600	6	1140
680	6	1140
691	6	1140
729	6	1140
763	6	1140
773	6	1140
799	6	1140

