


an introduction to algol 

cacm february 1962

schwarz h r

ca620201 jb march 20 1978  357 pm

205	4	642
210	4	642
214	4	642
249	4	642
254	4	642
272	4	642
1102	4	642
1109	4	642
1140	4	642
1188	4	642
1306	4	642
1464	4	642
1491	4	642
1767	4	642
1781	4	642
1787	4	642
1949	4	642
1982	4	642
321	4	642
398	4	642
2059	4	642
2126	4	642
435	4	642
437	4	642
463	4	642
483	4	642
491	4	642
2732	4	642
560	4	642
583	4	642
3073	4	642
627	4	642
631	4	642
632	4	642
642	4	642
642	4	642
644	4	642
653	4	642
669	4	642
680	4	642
761	4	642
762	4	642
763	4	642
100	4	642
123	4	642
123	4	642
140	4	642
164	4	642
919	4	642
989	4	642
196	5	642
1	5	642
1173	5	642
1188	5	642
642	5	642
642	5	642
642	5	642
196	6	642
642	6	642
642	6	642

