


further comments on dijkstras concurrent programming control problem

cacm november 1972

eisenberg m a
mcguire m r

critical section concurrent programming control multiprocessing

4.32

ca721113 jb january 27 1978  124 pm

1781	4	2256
2150	4	2256
2150	4	2256
2228	4	2256
2228	4	2256
2256	4	2256
2256	4	2256
2317	4	2256
2342	4	2256
2342	4	2256
2376	4	2256
2618	4	2256
2618	4	2256
3184	4	2256
1198	5	2256
1338	5	2256
2256	5	2256
2256	5	2256
2256	5	2256
2618	5	2256
1198	6	2256
1338	6	2256
1749	6	2256
2256	6	2256

