


an efficient algorithm for sorting with
minimal storage algorithm 347 m1

cacm march 1969

singleton r c

sorting minimal storage sorting digital computer sorting

5.31

ca690308 jb february 20 1978  848 am

1175	4	1919
1175	4	1919
1919	4	1919
1919	4	1919
1919	4	1919
1919	4	1919
1919	4	1919
1919	4	1919
1969	4	1919
1969	4	1919
1997	4	1919
2017	4	1919
2041	4	1919
2118	4	1919
2191	4	1919
2191	4	1919
2216	4	1919
2388	4	1919
2388	4	1919
2348	4	1919
2679	4	1919
2679	4	1919
2679	4	1919
2783	4	1919
2784	4	1919
3054	4	1919
3054	4	1919
3054	4	1919
3121	4	1919
3121	4	1919
852	4	1919
864	4	1919
864	4	1919
865	4	1919
1175	5	1919
1919	5	1919
1919	5	1919
1919	5	1919
308	5	1919
309	5	1919
2216	5	1919
74	5	1919
3054	5	1919
3187	5	1919
864	5	1919
864	6	1919
1175	6	1919
1880	6	1919
1919	6	1919
1919	6	1919
1969	6	1919
1969	6	1919
1980	6	1919
1997	6	1919
1997	6	1919
307	6	1919
308	6	1919
309	6	1919
2017	6	1919
2679	6	1919
776	6	1919

