


npl highlights of a new programming language

cacm january 1965

radin g
rogoway h p

ca650101 jb march 8 1978  301 pm

1247	5	1336
1336	5	1336
1336	5	1336
1336	5	1336
1945	5	1336
823	6	1336
914	6	1336
915	6	1336
917	6	1336
984	6	1336
989	6	1336
990	6	1336
1012	6	1336
1084	6	1336
1098	6	1336
1122	6	1336
1138	6	1336
1139	6	1336
1141	6	1336
1200	6	1336
1223	6	1336
1265	6	1336
1336	6	1336
1336	6	1336
1396	6	1336
1455	6	1336
1477	6	1336
1487	6	1336
1491	6	1336
1496	6	1336
483	6	1336
584	6	1336
669	6	1336
680	6	1336
763	6	1336

