


some remarks on the syntax of symbolic programming languages

cacm august 1963

diforino a c

ca630836 jb march 13 1978  807 pm

249	4	762
254	4	762
272	4	762
1102	4	762
1102	4	762
1109	4	762
1140	4	762
1142	4	762
1188	4	762
1306	4	762
1425	4	762
1464	4	762
1491	4	762
1767	4	762
1781	4	762
1781	4	762
1781	4	762
1787	4	762
1945	4	762
1949	4	762
321	4	762
2059	4	762
2126	4	762
435	4	762
437	4	762
438	4	762
463	4	762
483	4	762
491	4	762
2732	4	762
560	4	762
583	4	762
3073	4	762
627	4	762
631	4	762
632	4	762
642	4	762
644	4	762
653	4	762
680	4	762
761	4	762
762	4	762
762	4	762
762	4	762
763	4	762
123	4	762
140	4	762
919	4	762
949	4	762
989	4	762
196	5	762
249	5	762
483	5	762
762	5	762
762	5	762
762	5	762

