


a note on hash linking

cacm july 1975

bobrow d g

hash search address space extension
implicit pointers monitor conditions

3.7 3.73 4.1

ca750706 jb january 9 1978 959 am

1708	4	2736
1781	4	2736
1826	4	2736
1860	4	2736
1972	4	2736
1972	4	2736
2156	4	2736
2156	4	2736
2156	4	2736
2168	4	2736
2168	4	2736
2249	4	2736
2249	4	2736
2314	4	2736
2361	4	2736
2438	4	2736
2513	4	2736
2719	4	2736
2723	4	2736
2736	4	2736
2736	4	2736
2736	4	2736
2736	4	2736
2833	4	2736
2833	4	2736
2855	4	2736
2855	4	2736
3074	4	2736
3074	4	2736
3074	4	2736
3106	4	2736
3112	4	2736
3112	4	2736
1626	5	2736
1826	5	2736
1853	5	2736
1972	5	2736
2736	5	2736
2736	5	2736
2736	5	2736
2833	5	2736
2845	5	2736
3112	5	2736
106	6	2736
1184	6	2736
1380	6	2736
1626	6	2736
1826	6	2736
1826	6	2736
1972	6	2736
2435	6	2736
2438	6	2736
2598	6	2736
2723	6	2736
2736	6	2736
2736	6	2736
2736	6	2736
2747	6	2736
2768	6	2736
2833	6	2736
2838	6	2736
731	6	2736

