


a method of syntax specification

cacm october 1964

iverson k e

ca641013 jb march 9 1978  439 pm

249	4	989
254	4	989
272	4	989
1086	4	989
1102	4	989
1109	4	989
1132	4	989
1140	4	989
1188	4	989
1234	4	989
1263	4	989
1265	4	989
1270	4	989
1306	4	989
1323	4	989
1358	4	989
1379	4	989
1380	4	989
1453	4	989
1464	4	989
1464	4	989
1484	4	989
1491	4	989
1491	4	989
1498	4	989
1613	4	989
1614	4	989
1767	4	989
1781	4	989
1781	4	989
1781	4	989
1787	4	989
1825	4	989
1860	4	989
1949	4	989
321	4	989
2059	4	989
2083	4	989
2126	4	989
2178	4	989
2179	4	989
2252	4	989
2325	4	989
2341	4	989
2546	4	989
435	4	989
437	4	989
463	4	989
483	4	989
491	4	989
2645	4	989
2652	4	989
2684	4	989
2732	4	989
2842	4	989
2929	4	989
2934	4	989
560	4	989
583	4	989
3069	4	989
3073	4	989
627	4	989
631	4	989
632	4	989
642	4	989
644	4	989
653	4	989
669	4	989
679	4	989
680	4	989
691	4	989
729	4	989
761	4	989
761	4	989
762	4	989
763	4	989
123	4	989
140	4	989
919	4	989
949	4	989
989	4	989
989	4	989
989	4	989
196	5	989
989	5	989
989	5	989
989	5	989
1263	5	989
288	5	989
1453	5	989
1945	5	989
3184	5	989
823	6	989
914	6	989
915	6	989
917	6	989
984	6	989
989	6	989
989	6	989
989	6	989
990	6	989
1012	6	989
1084	6	989
1098	6	989
1122	6	989
1138	6	989
1139	6	989
1141	6	989
1200	6	989
1223	6	989
1265	6	989
1336	6	989
1396	6	989
1455	6	989
1477	6	989
1487	6	989
1491	6	989
1496	6	989
404	6	989
483	6	989
3184	6	989
3184	6	989
584	6	989
669	6	989
680	6	989
763	6	989

