


   semiotics and programming languages

   i have based my paper on semiotics and its three dimension i should insert
at this point that language has many aspects and that pragmatics semantics and
syntactics do not necessary cover all of them one can however project most 
aspects into the three semiotic dimension and there seems to be a strong 
tendency to do so today

cacm march 1966

zemanek h

ca660319 es march 17 1982 1010 am

2087	4	3188
2189	4	3188
3188	4	3188
3188	4	3188
1594	5	3188
1781	5	3188
3188	5	3188
3188	5	3188
3188	5	3188
612	5	3188
123	6	3188
196	6	3188
919	6	3188
990	6	3188
1007	6	3188
1046	6	3188
1131	6	3188
1139	6	3188
1140	6	3188
1149	6	3188
1198	6	3188
1215	6	3188
1223	6	3188
1265	6	3188
1303	6	3188
1323	6	3188
1358	6	3188
1366	6	3188
1421	6	3188
1460	6	3188
1462	6	3188
1463	6	3188
1467	6	3188
1468	6	3188
1477	6	3188
1491	6	3188
1496	6	3188
1531	6	3188
1535	6	3188
1565	6	3188
1601	6	3188
1602	6	3188
1613	6	3188
1614	6	3188
1626	6	3188
1641	6	3188
1787	6	3188
1788	6	3188
205	6	3188
224	6	3188
249	6	3188
288	6	3188
316	6	3188
381	6	3188
398	6	3188
11	6	3188
404	6	3188
410	6	3188
463	6	3188
464	6	3188
483	6	3188
3184	6	3188
3188	6	3188
584	6	3188
600	6	3188
680	6	3188
691	6	3188
763	6	3188
799	6	3188

