


some techniques used in the alcor illinois 7090

an algol compiler has been written by the
alcor group for the ibm 7090  some little known 
but significant techniques in compiler writing together
with organizational details of this compiler 
are described  timing estimates and an indication
of compiler requirements are also given

cacm august 1965

gries d
paul m
wiehle h r

ca650809 jb march 6 1978  813 pm

267	4	1215
1139	4	1215
1141	4	1215
1215	4	1215
1215	4	1215
1215	4	1215
1223	4	1215
1647	4	1215
1682	4	1215
1781	4	1215
1781	4	1215
1787	4	1215
1787	4	1215
1792	4	1215
1945	4	1215
364	4	1215
405	4	1215
438	4	1215
2603	4	1215
763	4	1215
1025	5	1215
1215	5	1215
1215	5	1215
1215	5	1215
224	5	1215
1498	5	1215
1781	5	1215
1787	5	1215
763	5	1215
123	6	1215
196	6	1215
196	6	1215
919	6	1215
990	6	1215
1007	6	1215
1046	6	1215
1131	6	1215
1139	6	1215
1140	6	1215
1141	6	1215
1149	6	1215
1198	6	1215
1215	6	1215
1215	6	1215
1215	6	1215
1223	6	1215
1265	6	1215
1303	6	1215
1323	6	1215
1358	6	1215
1366	6	1215
1421	6	1215
1460	6	1215
1462	6	1215
1463	6	1215
1467	6	1215
1468	6	1215
1477	6	1215
1491	6	1215
1491	6	1215
1496	6	1215
1496	6	1215
1531	6	1215
1535	6	1215
1565	6	1215
1601	6	1215
1602	6	1215
1613	6	1215
1614	6	1215
1626	6	1215
1641	6	1215
1781	6	1215
1787	6	1215
1788	6	1215
205	6	1215
224	6	1215
224	6	1215
249	6	1215
288	6	1215
316	6	1215
381	6	1215
398	6	1215
11	6	1215
404	6	1215
410	6	1215
463	6	1215
464	6	1215
483	6	1215
3184	6	1215
3184	6	1215
3188	6	1215
584	6	1215
600	6	1215
680	6	1215
691	6	1215
763	6	1215
763	6	1215
799	6	1215
799	6	1215

